                 id         price      bedrooms     bathrooms   sqft_living  \
count  2.161300e+04  2.161300e+04  21613.000000  21613.000000  21613.000000   
mean   4.580302e+09  5.400881e+05      3.370842      2.114757   2079.899736   
std    2.876566e+09  3.671272e+05      0.930062      0.770163    918.440897   
min    1.000102e+06  7.500000e+04      0.000000      0.000000    290.000000   
25%    2.123049e+09  3.219500e+05      3.000000      1.750000   1427.000000   
50%    3.904930e+09  4.500000e+05      3.000000      2.250000   1910.000000   
75%    7.308900e+09  6.450000e+05      4.000000      2.500000   2550.000000   
max    9.900000e+09  7.700000e+06     33.000000      8.000000  13540.000000   

           sqft_lot        floors    waterfront          view     condition  \
count  2.161300e+04  21613.000000  21613.000000  21613.000000  21613.000000   
mean   1.510697e+04      1.494309      0.007542      0.234303      3.409430   
std    4.142051e+04      0.539989      0.086517      0.766318      0.650743   
min    5.200000e+02      1.000000      0.000000      0.000000      1.000000   
25%    5.040000e+03      1.000000      0.000000      0.000000      3.000000   
50%    7.618000e+03      1.500000      0.000000      0.000000      3.000000   
75%    1.068800e+04      2.000000      0.000000      0.000000      4.000000   
max    1.651359e+06      3.500000      1.000000      4.000000      5.000000   

              grade    sqft_above  sqft_basement      yr_built  yr_renovated  \
count  21613.000000  21613.000000   21613.000000  21613.000000  21613.000000   
mean       7.656873   1788.390691     291.509045   1971.005136     84.402258   
std        1.175459    828.090978     442.575043     29.373411    401.679240   
min        1.000000    290.000000       0.000000   1900.000000      0.000000   
25%        7.000000   1190.000000       0.000000   1951.000000      0.000000   
50%        7.000000   1560.000000       0.000000   1975.000000      0.000000   
75%        8.000000   2210.000000     560.000000   1997.000000      0.000000   
max       13.000000   9410.000000    4820.000000   2015.000000   2015.000000   

            zipcode           lat          long  sqft_living15     sqft_lot15  
count  21613.000000  21613.000000  21613.000000   21613.000000   21613.000000  
mean   98077.939805     47.560053   -122.213896    1986.552492   12768.455652  
std       53.505026      0.138564      0.140828     685.391304   27304.179631  
min    98001.000000     47.155900   -122.519000     399.000000     651.000000  
25%    98033.000000     47.471000   -122.328000    1490.000000    5100.000000  
50%    98065.000000     47.571800   -122.230000    1840.000000    7620.000000  
75%    98118.000000     47.678000   -122.125000    2360.000000   10083.000000  
max    98199.000000     47.777600   -121.315000    6210.000000  871200.000000  
>>> 